        Group   Classe  min_min  min_max  min_base  max_min  max_max  max_base  min_diff_low  min_diff_high  max_diff_low  max_diff_high
      segEVEN Classe 0 0.986914 0.997591  0.998438 0.999967      1.0       1.0      0.011523      -0.000846      0.000033            0.0
      segEVEN Classe 1 0.954167 0.971322  0.972396 0.999967      1.0       1.0      0.018229      -0.001074      0.000033            0.0
      segEVEN Classe 2 0.884701 0.893913  0.891439 1.000000      1.0       1.0      0.006738       0.002474      0.000000            0.0
      segEVEN Classe 3 0.901139 0.906836  0.903060 1.000000      1.0       1.0      0.001921       0.003776      0.000000            0.0
segEVENandODD Classe 0 0.991016 0.997428  0.998438 0.999935      1.0       1.0      0.007422      -0.001009      0.000065            0.0
segEVENandODD Classe 1 0.949316 0.970931  0.972396 0.999935      1.0       1.0      0.023079      -0.001465      0.000065            0.0
segEVENandODD Classe 2 0.868262 0.893359  0.891439 1.000000      1.0       1.0      0.023177       0.001921      0.000000            0.0
segEVENandODD Classe 3 0.883984 0.905046  0.903060 1.000000      1.0       1.0      0.019076       0.001986      0.000000            0.0
     segMULTI Classe 0 0.994954 0.997363  0.998438 0.999967      1.0       1.0      0.003483      -0.001074      0.000033            0.0
     segMULTI Classe 1 0.966764 0.970833  0.972396 0.999935      1.0       1.0      0.005632      -0.001562      0.000065            0.0
     segMULTI Classe 2 0.887109 0.893164  0.891439 1.000000      1.0       1.0      0.004329       0.001725      0.000000            0.0
     segMULTI Classe 3 0.897754 0.906022  0.903060 1.000000      1.0       1.0      0.005306       0.002962      0.000000            0.0
 segEVENnoise Classe 0 0.992773 0.997428  0.998438 0.999967      1.0       1.0      0.005664      -0.001009      0.000033            0.0
 segEVENnoise Classe 1 0.961654 0.970638  0.972396 0.999967      1.0       1.0      0.010742      -0.001758      0.000033            0.0
 segEVENnoise Classe 2 0.888542 0.892904  0.891439 1.000000      1.0       1.0      0.002897       0.001465      0.000000            0.0
 segEVENnoise Classe 3 0.900553 0.908431  0.903060 1.000000      1.0       1.0      0.002506       0.005371      0.000000            0.0

Summary Statistics:
         min_min    min_max  ...  max_diff_low  max_diff_high
count  16.000000  16.000000  ...     16.000000           16.0
mean    0.931850   0.942076  ...      0.000022            0.0
std     0.046660   0.044830  ...      0.000026            0.0
min     0.868262   0.892904  ...      0.000000            0.0
25%     0.888184   0.902262  ...      0.000000            0.0
50%     0.925228   0.939535  ...      0.000016            0.0
75%     0.971802   0.977832  ...      0.000033            0.0
max     0.994954   0.997591  ...      0.000065            0.0

[8 rows x 10 columns]
